version https://git-lfs.github.com/spec/v1
oid sha256:90f295941b007deac0fc81875ee5169f8388a72df30a74e15f99a56ce655f546
size 914833
